0.392946
0.403632
0.411881
0.419685
0.42594
0.431747
0.435783
0.419056
0.433067
0.441539
0.451117
0.459366
0.464067
0.470094
0.447383
0.461617
0.474299
0.484321
0.491461
0.50015
0.500199
0.475267
0.493047
0.509276
0.521959
0.531761
0.538899
0.544709
0.508249
0.52736
0.5478
0.567353
0.581807
0.58895
0.593208
0.54367
0.569209
0.594969
0.618734
0.63718
0.644321
0.651017
0.585076
0.617486
0.646794
0.678096
0.704743
0.717646
0.724565
0.627147
0.67064
0.709923
0.750092
0.785828
0.808041
0.816068
0.671213
0.725568
0.780368
0.838269
0.882873
0.915725
0.929959
0.714835
0.784929
0.8599
0.941964
1.00763
1.04868
1.07001
0.757348
0.843625
0.948078
1.06295
1.16363
1.21622
1.24819
0.792103
0.894785
1.03648
1.20544
1.35112
1.4272
1.46338
0.809791
0.92422
1.08564
1.30315
1.57075
1.57213
1.57173
