0.396016
0.405575
0.414023
0.420914
0.425805
0.430473
0.433363
0.41958
0.432029
0.442922
0.450258
0.458705
0.461595
0.463818
0.445812
0.458928
0.471376
0.482936
0.492051
0.499831
0.499831
0.473822
0.490717
0.506278
0.521617
0.533399
0.541179
0.543402
0.505833
0.527841
0.547848
0.565632
0.580082
0.589863
0.592308
0.539401
0.565632
0.592308
0.617206
0.635657
0.647661
0.651218
0.57897
0.610537
0.646105
0.676116
0.703681
0.717242
0.723688
0.619651
0.661666
0.706127
0.748142
0.784599
0.805273
0.812387
0.665223
0.718575
0.776152
0.831505
0.882634
0.915534
0.924871
0.706127
0.777708
0.853735
0.933541
1.00557
1.05425
1.07048
0.748142
0.837729
0.94021
1.0547
1.16184
1.22609
1.25632
0.783043
0.892637
1.03046
1.19608
1.36592
1.44461
1.47573
0.801494
0.918202
1.07982
1.299
1.57088
1.57088
1.57177
