0.383381
0.392282
0.400071
0.405857
0.412088
0.416317
0.418097
0.407638
0.418987
0.425663
0.434342
0.442799
0.44814
0.450142
0.431894
0.446137
0.457931
0.466165
0.473732
0.480408
0.482633
0.460379
0.47796
0.490422
0.501771
0.512453
0.518239
0.520687
0.49109
0.51045
0.529144
0.542273
0.554736
0.561634
0.56831
0.526028
0.550062
0.571203
0.591009
0.60592
0.613931
0.623945
0.560522
0.591232
0.620162
0.645976
0.66823
0.682695
0.692932
0.601469
0.639968
0.679802
0.714741
0.747009
0.766147
0.773269
0.642416
0.691597
0.746341
0.79441
0.837137
0.868738
0.879865
0.684253
0.750125
0.820002
0.891437
0.95219
0.997365
1.00983
0.725423
0.80932
0.904121
1.00204
1.09706
1.15381
1.17762
0.76459
0.864732
0.989799
1.1369
1.29623
1.37123
1.40105
0.785286
0.900116
1.04477
1.24928
1.56862
1.5704
1.57107
