0.383926
0.392855
0.400672
0.408933
0.413633
0.419223
0.420358
0.405501
0.416211
0.428481
0.435852
0.44211
0.448813
0.450618
0.429524
0.444465
0.459184
0.46945
0.475485
0.481298
0.484439
0.455997
0.474056
0.492782
0.506165
0.514427
0.522911
0.527833
0.488037
0.510326
0.529942
0.548892
0.561161
0.570091
0.574568
0.52297
0.547931
0.573783
0.597407
0.614353
0.627958
0.630877
0.559685
0.590435
0.622521
0.655275
0.680014
0.694065
0.696983
0.598403
0.641845
0.683951
0.724944
0.758811
0.780432
0.791588
0.64024
0.697264
0.752061
0.807971
0.858093
0.890179
0.901113
0.682522
0.75424
0.828631
0.909702
0.979863
1.02575
1.04871
0.722576
0.808546
0.912327
1.02613
1.13459
1.20185
1.22993
0.745487
0.850382
0.991347
1.17595
1.33718
1.43139
1.4706
0.754147
0.871065
1.02561
1.2523
1.56894
1.57053
1.56966
