0.393434
0.405653
0.413424
0.421418
0.429857
0.433625
0.437841
0.417907
0.431461
0.442345
0.452118
0.461002
0.466104
0.469207
0.443715
0.45927
0.473491
0.485709
0.494371
0.499695
0.499461
0.47019
0.488636
0.50597
0.521747
0.533521
0.539514
0.541503
0.499778
0.524006
0.544009
0.56201
0.577342
0.586003
0.588659
0.532035
0.559154
0.589386
0.609389
0.629391
0.64072
0.642042
0.568073
0.602753
0.638322
0.667664
0.68989
0.70967
0.717442
0.609225
0.653689
0.699488
0.73906
0.769515
0.798857
0.800624
0.651044
0.710408
0.767104
0.820685
0.866484
0.900941
0.910047
0.698646
0.768017
0.844504
0.921658
0.985692
1.03171
1.04638
0.743578
0.828516
0.926129
1.03642
1.13403
1.20051
1.22808
0.778059
0.880788
1.01087
1.18832
1.3413
1.41979
1.44558
0.792081
0.903482
1.0598
1.27083
1.55547
1.55701
1.56011
