0.599575
0.600999
0.602352
0.603581
0.604952
0.606074
0.607249
0.605252
0.606
0.606837
0.607585
0.608156
0.608584
0.608834
0.61116
0.611339
0.611625
0.611875
0.611662
0.61136
0.61081
0.617407
0.617176
0.616803
0.616164
0.615399
0.614084
0.612714
0.624169
0.623334
0.622391
0.621182
0.619475
0.617234
0.61469
0.631839
0.630274
0.628585
0.626699
0.623978
0.620598
0.616915
0.639972
0.63798
0.635632
0.63275
0.62921
0.62462
0.619354
0.648887
0.646237
0.643408
0.639957
0.635385
0.629319
0.62238
0.658123
0.655081
0.65179
0.647734
0.64213
0.634586
0.625655
0.667679
0.664157
0.66035
0.65576
0.649284
0.639979
0.629161










