0.607077
0.608966
0.610808
0.612743
0.614794
0.616915
0.619455
0.622438
0.625699
0.629193
0.609726
0.613476
0.617435
0.62165
0.626331
0.63164
0.637903
0.645561
0.653709
0.662322
0.611816
0.617288
0.623201
0.629325
0.636169
0.644014
0.653139
0.663962
0.675972
0.688354
0.613115
0.620215
0.627851
0.63565
0.644355
0.654155
0.66549
0.678896
0.693419
0.708616
0.613902
0.622375
0.631151
0.640485
0.650587
0.661759
0.674607
0.689479
0.705653
0.722433
0.614317
0.624047
0.633893
0.644367
0.655539
0.667921
0.681839
0.697595
0.714724
0.732364










