0.607309
0.609116
0.611191
0.613133
0.615029
0.61724
0.61972
0.622739
0.626163
0.629631
0.621092
0.624246
0.628029
0.632485
0.637616
0.64369
0.651337
0.660331
0.670223
0.6807
0.632718
0.638342
0.644506
0.651614
0.659619
0.669602
0.680617
0.693789
0.707725
0.722604
0.64331
0.651136
0.659636
0.66881
0.679871
0.692503
0.706888
0.723205
0.740779
0.758938
0.661306
0.673175
0.685269
0.698576
0.713634
0.730265
0.748873
0.769323
0.790761
0.813187
0.675124
0.690048
0.705376
0.721603
0.739222
0.75765
0.777516
0.798909
0.820796
0.843222
0.684449
0.702023
0.719957
0.737846
0.756095
0.774657
0.79322
0.812008
0.83066
0.849313
0.688653
0.708878
0.729013
0.748115
0.76551
0.781827
0.795942
0.815631
0.82979
0.849209
