0.604367
0.615479
0.626552
0.637547
0.647885
0.657255
0.663994
0.667713
0.668492
0.668264
0.607377
0.618837
0.630181
0.641641
0.653294
0.66398
0.673351
0.680786
0.686673
0.691941
0.609883
0.621576
0.633152
0.64496
0.657272
0.669467
0.681121
0.692039
0.702183
0.712172
0.612003
0.62327
0.635117
0.647235
0.660165
0.672786
0.685601
0.69919
0.712585
0.726251
0.613155
0.624228
0.63565
0.647497
0.660118
0.672894
0.686985
0.701967
0.717491
0.733673
0.61392
0.624606
0.635021
0.646327
0.65829
0.67095
0.685235
0.700991
0.717598
0.734709
0.614221
0.623862
0.633929
0.644421
0.655804
0.668116
0.682091
0.697808
0.71488
0.732571
