0.607103
0.608991
0.610945
0.612833
0.614887
0.616974
0.619757
0.622574
0.625756
0.629601
0.615368
0.619014
0.622926
0.627202
0.632176
0.638111
0.645009
0.653366
0.662686
0.672204
0.622139
0.627809
0.634077
0.640709
0.648502
0.657457
0.667838
0.680243
0.694042
0.708371
0.628015
0.635742
0.644066
0.652888
0.662805
0.674182
0.687416
0.703172
0.720322
0.7383
0.633294
0.642713
0.652762
0.663409
0.675383
0.68865
0.704174
0.722186
0.741791
0.762391
0.63751
0.648456
0.659799
0.672138
0.685571
0.700233
0.717349
0.736456
0.757421
0.779149
0.640765
0.653137
0.665675
0.679208
0.69367
0.709327
0.726708
0.746645
0.76751
0.789171
0.643522
0.656724
0.670588
0.68505
0.700276
0.716662
0.734475
0.753847
0.774348
0.795213
