0.571933
0.579224
0.586086
0.592495
0.598195
0.60224
0.603897
0.602696
0.599322
0.595024
0.575974
0.58363
0.591201
0.598363
0.605224
0.610967
0.61499
0.616734
0.616844
0.616287
0.579799
0.587778
0.5958
0.603672
0.611651
0.618749
0.624857
0.629267
0.63243
0.63512
0.583516
0.59156
0.599776
0.608056
0.616637
0.624853
0.632338
0.638962
0.644684
0.649868
0.58704
0.59502
0.603149
0.611473
0.620398
0.629259
0.637861
0.645884
0.653411
0.660702
0.590328
0.597963
0.606028
0.614287
0.623191
0.632159
0.641428
0.650569
0.6593
0.668097
0.593551
0.600821
0.608219
0.616177
0.624672
0.633576
0.642867
0.652437
0.661943
0.671599
0.596516
0.603119
0.609916
0.617078
0.624799
0.633294
0.642134
0.651446
0.661124
0.670759
0.599589
0.605353
0.611075
0.617527
0.624475
0.631981
0.640196
0.649079
0.658327
0.667875
