0.551999
0.557403
0.562798
0.568157
0.573489
0.578165
0.581846
0.584
0.585005
0.585552
0.555348
0.560662
0.565985
0.571353
0.576784
0.58191
0.586425
0.590204
0.593345
0.596164
0.561615
0.566624
0.571624
0.576722
0.581983
0.58709
0.592027
0.596803
0.601255
0.605564
0.570844
0.57527
0.57974
0.584246
0.588959
0.593743
0.598662
0.603653
0.60877
0.613743
0.583063
0.586681
0.590361
0.594041
0.597883
0.601904
0.606213
0.610926
0.615854
0.620755
0.590371
0.593423
0.596529
0.599715
0.603
0.606546
0.610388
0.614688
0.619194
0.623861
0.598335
0.60083
0.603352
0.605982
0.608639
0.611511
0.614769
0.618494
0.62248
0.626636
0.607007
0.608901
0.610768
0.612661
0.614708
0.61688
0.619393
0.622337
0.625631
0.628997
