0.556205
0.56187
0.567308
0.572495
0.577158
0.58076
0.582525
0.583074
0.581656
0.57963
0.561773
0.567735
0.573591
0.579517
0.585385
0.590691
0.59502
0.598085
0.600304
0.602034
0.568891
0.574782
0.580732
0.586683
0.592932
0.599049
0.604714
0.609782
0.614373
0.618643
0.577845
0.582996
0.588422
0.594027
0.599942
0.606024
0.612046
0.618044
0.6239
0.629612
0.588313
0.59257
0.596911
0.601455
0.606368
0.61158
0.617053
0.622885
0.628823
0.634893
0.594155
0.597757
0.601466
0.605294
0.609432
0.613869
0.61871
0.624053
0.629634
0.635334
0.600451
0.603301
0.606104
0.609193
0.612317
0.615824
0.619747
0.624672
0.629824
0.634975
0.607068
0.608964
0.610825
0.612769
0.614761
0.61692
0.619723
0.624135
0.629286
0.63433
