1.00012
1.00014
1.0001
1.00017
1.00013
1.00015
1.00015
1.00013
1.00015
1.00011
1.00579
1.00593
1.00597
1.00635
1.00698
1.00797
1.00997
1.00997
1.01055
1.01137
1.01198
1.012
1.01225
1.01291
1.01451
1.0166
1.01913
1.02048
1.02199
1.0239
1.01832
1.01834
1.0185
1.01992
1.02227
1.02549
1.02948
1.0319
1.03425
1.03691
1.0249
1.0249
1.02537
1.02701
1.03052
1.03509
1.04065
1.04387
1.04744
1.05105
1.03182
1.03164
1.03226
1.03455
1.03903
1.04502
1.05242
1.05657
1.06114
1.06597
1.03864
1.03865
1.03965
1.04246
1.04792
1.05561
1.06457
1.06998
1.07563
1.08153
1.04607
1.04605
1.04709
1.0506
1.05743
1.06656
1.07763
1.08392
1.09073
1.09807
1.05343
1.05345
1.05465
1.05904
1.06716
1.0778
1.09111
1.09855
1.10667
1.11523
