0.146433
0.283628
0.417238
0.544574
0.665635
0.780421
0.888037
0.995652
1.08893
1.17682
1.26472
0.167922
0.327527
0.478168
0.627913
0.766902
0.900511
1.02516
1.14801
1.26459
1.37041
1.46996
0.209105
0.412632
0.61347
0.806243
0.988257
1.16489
1.33257
1.49396
1.64281
1.78987
1.92169
0.256563
0.509391
0.76222
1.0034
1.23382
1.45975
1.67135
1.88025
2.07123
2.25145
2.42719
0.304022
0.616907
0.927104
1.22206
1.50447
1.7833
2.04329
2.29881
2.5382
2.76682
2.98559
0.346102
0.725319
1.09378
1.45597
1.79843
2.13014
2.44662
2.75681
3.05087
3.33059
3.60045
0.404316
0.83911
1.28645
1.70153
2.11212
2.50209
2.88848
3.25067
3.60389
3.94187
4.26462
