0.829539
0.847826
0.865196
0.880084
0.893817
0.905238
0.914586
0.922506
0.928556
0.932737
0.935117
0.900207
0.91207
0.922948
0.932601
0.940861
0.948067
0.954186
0.959251
0.96299
0.965573
0.966899
0.941473
0.948713
0.955478
0.9618
0.966933
0.971759
0.975702
0.97883
0.981311
0.983045
0.983928
0.965981
0.970638
0.974955
0.978694
0.982093
0.985186
0.987498
0.989435
0.991135
0.992052
0.992936
0.982263
0.984846
0.987362
0.989299
0.991305
0.993038
0.994262
0.995622
0.996573
0.997117
0.997559
0.99263
0.993888
0.994942
0.99586
0.996777
0.997491
0.998137
0.998613
0.999055
0.999429
0.999904
0.999938
0.999904
1.00001
0.999972
0.999938
0.999904
0.999938
1.00001
1.00001
0.999972
0.999938
