0.562256
0.60214
0.64096
0.677121
0.709117
0.736328
0.760083
0.78109
0.797932
0.810343
0.820272
0.599739
0.636078
0.671619
0.704767
0.733573
0.758745
0.78117
0.800051
0.815829
0.82824
0.837815
0.638728
0.67099
0.702898
0.732413
0.75856
0.782137
0.80217
0.819721
0.83417
0.846049
0.855447
0.677363
0.705549
0.734266
0.760502
0.784079
0.804997
0.823346
0.839302
0.852954
0.863503
0.872813
0.714934
0.740461
0.765191
0.788768
0.80942
0.827769
0.844257
0.859149
0.871294
0.881755
0.89009
0.753569
0.775019
0.796647
0.816414
0.834496
0.850895
0.865433
0.878464
0.889546
0.899564
0.908076
0.791495
0.809843
0.827837
0.844325
0.860104
0.873933
0.886521
0.898577
0.909039
0.917107
0.92553
0.829332
0.844313
0.858851
0.872502
0.885268
0.896615
0.907697
0.917627
0.926936
0.935359
0.942807
0.868144
0.879137
0.890041
0.900237
0.910521
0.919564
0.929051
0.937208
0.945188
0.952813
0.960261
0.906513
0.913961
0.920966
0.928857
0.935774
0.942779
0.949873
0.956878
0.963883
0.970445
0.977893
0.944616
0.948076
0.952245
0.956503
0.96085
0.965373
0.970517
0.976282
0.98178
0.988254
0.99517
